first line nonblank
100 14
100 16
99 1
101 15
100 14
100 16
101 15
99 1
100 17
100 21
100 16
100 19
100 12
100 12
100 1
100 22
104 34
1427 14
101 2
99 1
101 2
100 14
2560 1
84 2
117 1
100 2
116 2
85 2
83 1
117 1
1 1
633 2
1427 14
100 2
100 2
103 1
99 1
103 1
100 22
100 15
100 15
100 15
100 15
100 15
100 15
100 15
100 15
100 15
100 15
100 15
100 15
100 15
100 15
100 15
100 15
100 15
100 15
100 15
100 15
100 15
100 15
100 15
100 15
100 15
100 15
100 15
1 1
100 15
100 15
100 15
100 15
100 15
100 15
100 15
100 15
100 16
100 15
100 15
100 15
100 15
100 15
100 15
100 15
100 15
100 15
100 15
100 15
100 15
100 15
100 15
100 15
100 15
100 15
100 15
100 15
100 15
100 15
100 15
100 15
100 15
100 15
100 15
100 15
100 15
100 15
100 15
100 15
100 15
100 15
100 15
100 15
100 15
100 15
100 15
100 15
100 15
100 15
100 15
100 15
100 15
100 15
100 15
100 15
100 15
1 1
100 15
100 15
100 15
100 15
100 13
100 15
100 15
100 15
100 15
100 3
100 15
100 15
100 9
100 15
100 15
100 15
100 15
100 14
100 4
100 15
100 15
100 12
100 15
100 15
100 15
100 15
100 15
100 15
100 15
100 15
100 15
100 15
100 15
100 15
100 15
100 15
100 15
100 15
100 15
100 15
100 15
100 15
100 15
100 15
100 15
100 15
100 15
100 15
100 15
100 15
100 15
100 15
100 15
100 15
100 15
100 15
100 15
1 1
100 15
100 15
100 15
100 15
100 15
100 15
100 15
100 15
100 15
100 15
100 15
100 15
100 15
100 15
100 15
100 15
100 15
100 15
100 15
100 15
100 15
100 15
100 15
100 15
100 15
100 15
100 15
100 15
100 15
100 15
100 15
100 15
100 15
100 15
100 15
100 15
100 15
100 15
100 15
100 15
100 15
100 15
100 15
100 15
100 15
100 15
100 15
100 15
100 15
100 15
100 15
100 15
100 15
100 15
100 15
100 15
100 15
1 1
100 15
100 15
100 15
100 15
100 14
100 15
100 15
100 15
100 15
100 4
100 15
100 15
100 10
100 15
100 15
100 15
100 15
100 15
100 5
100 15
100 15
100 13
100 15
100 15
100 15
100 15
100 15
100 15
100 15
100 15
100 14
100 13
100 12
100 11
100 10
100 9
100 8
100 7
100 6
100 16
100 17
100 18
100 19
100 20
100 21
100 22
100 22
100 22
99 1
98 22
97 22
96 1
95 21
94 22
93 22
92 1
91 13
101 15
102 8
103 1
104 22
105 21
106 1
107 1
108 22
109 1
100 14
100 13
100 12
100 11
100 10
100 9
100 8
100 7
100 6
100 16
100 17
100 18
100 19
100 20
100 21
100 22
100 22
100 22
101 15
102 8
103 1
104 22
105 21
106 1
107 1
108 22
109 1
99 1
98 22
97 22
96 1
95 21
94 22
93 22
92 1
91 13
100 17
100 18
100 19
100 21
100 22
101 2
101 5
101 10
101 11
100 21
101 2
101 5
101 10
101 17
101 21
102 2
103 1
104 1
100 16
100 17
100 18
100 19
100 21
100 22
101 2
101 8
101 10
100 19
100 22
101 2
101 8
101 15
101 19
101 21
102 8
104 2
100 12
100 9
100 7
100 3
100 2
99 1
98 55
98 53
98 46
100 12
100 9
100 7
100 2
99 1
98 55
98 46
98 41
98 36
100 15
100 15
100 15
100 15
100 15
100 15
100 15
100 15
100 15
100 22
101 21
102 8
103 1
104 77
105 21
106 1
107 1
108 22
104 34
633 2
914 57
1093 41
1094 55
1095 23
1097 43
1100 26
1115 32
1427 14
1310 12
1306 45
1299 12
1297 1
1117 1
1116 2
1115 32
1100 26
101 2
102 2
103 1
104 1
105 1
106 1
107 1
108 1
109 1
99 1
98 1
97 1
96 1
95 1
94 1
93 1
92 1
91 2
101 2
102 2
103 1
104 1
105 1
106 1
107 1
108 1
109 1
100 14
100 13
100 12
100 11
100 10
100 9
100 8
100 7
100 6
1 1
2 1
3 8
4 1
5 10
6 1
7 1
8 1
9 1
84 2
85 2
86 2
87 1
88 1
89 1
90 1
91 2
92 1
117 1
116 2
115 1
114 4
113 1
112 1
111 1
110 1
109 1
100 2
100 2
100 2
100 2
100 2
100 2
100 2
100 2
100 2
116 2
148 1
180 1
212 2
244 1
276 1
308 2
340 1
372 5
85 2
53 2
21 1
21 15
21 15
21 15
21 15
21 15
21 15
99 1
98 1
97 1
96 1
95 1
94 1
93 1
92 1
91 2
101 2
102 2
103 1
104 1
105 1
106 1
107 1
108 1
109 1
100 2
100 2
100 2
100 2
100 2
100 2
100 2
100 2
100 2
100 2
99 1
97 1
96 1
94 20
93 43
93 1
92 1
91 2
103 1
104 1
104 62
106 1
108 1
109 1
110 1
110 48
111 21
99 1
96 1
92 1
90 1
87 1
80 1
76 1
72 1
70 1
103 1
106 1
109 1
115 1
118 1
122 1
125 1
130 1
132 1
26 1
52 2
77 2
103 1
128 1
154 1
180 1
205 1
231 1
